[SPLAT]
ULF = 4.0824935046054344e-13
LF_1 = 4.969797252013119e-13
LF_2 = 2.8805805021034707e-12
MF_1 = 3.824657039888513e-12
MF_2 = 1.0687136813289652e-11
HF_1 = 3.0242789544009804e-11
HF_2 = 4.390012292794283e-11

[CHLAT]
ULF = 4.0824935046054344e-13
LF_1 = 4.969797252013119e-13
LF_2 = 2.8805805021034707e-12
MF_1 = 3.824657039888513e-12
MF_2 = 1.0687136813289652e-11
HF_1 = 3.0242789544009804e-11
HF_2 = 4.390012292794283e-11

[AVG]
ULF = 4.0824935046054344e-13
LF_1 = 4.969797252013119e-13
LF_2 = 2.8805805021034707e-12
MF_1 = 3.824657039888513e-12
MF_2 = 1.0687136813289652e-11
HF_1 = 3.0242789544009804e-11
HF_2 = 4.390012292794283e-11

[SAT]
LF_1 = 1.1245634576466702e-12
LF_2 = 4.809996349637259e-12
MF_1_1 = 7.473073210516627e-12
MF_2_1 = 7.30773335452925e-12
MF_1_2 = 1.0427773338560534e-11
MF_2_2 = 1.1057941029109084e-11
HF_1 = 2.4112758288378876e-11
HF_2 = 3.051796251882483e-11
